player:
  info:
    lastSeenAs: _elu
homes:
  a:
    x: -899
    y: 110
    z: -2126
    yaw: 26.567566
    pitch: 31.079327
    world: world
  portal:
    x: -116
    y: 114
    z: -258
    yaw: -61.560482
    pitch: 51.24996
    world: world_nether
  blazes:
    x: -621
    y: 61
    z: 141
    yaw: -19.721497
    pitch: 3.0387108
    world: world_nether
